-1.46179 -0.218977
-1.46023 -0.54526
-1.45944 -0.285439
-1.43563 -0.128634
-1.42174 -0.601442
-1.40996 -0.442864
-1.37901 -0.737333
-1.36541 -0.0523186
-1.34445 -0.751594
-1.33303 -0.892083
-1.28754 -0.989489
-1.27574 -1.01883
-1.25693 0.0429404
-1.2558 0.107277
-1.22478 0.216589
-1.13356 -1.12358
-1.09856 0.330284
-1.07454 -1.23251
-1.02643 -1.25507
-1.00591 0.391921
-0.937019 0.447768
-0.919887 -1.33583
-0.865513 -1.37054
-0.843535 0.462051
-0.786408 0.511296
-0.723891 0.506926
-0.711316 -1.36767
-0.615752 -1.44796
-0.564159 -1.39962
-0.55998 0.589556
-0.522503 0.544322
-0.481598 0.618246
-0.440976 0.522851
-0.439791 0.794512
-0.436192 0.396944
-0.430441 -1.4404
-0.428842 0.29251
-0.422544 0.920034
-0.39604 0.594933
-0.39108 0.722141
-0.365695 0.113083
-0.359716 -1.46348
-0.358503 0.226503
-0.324684 -0.00901057
-0.3236 1.0327
-0.316727 0.968252
-0.259735 1.11879
-0.256419 0.544654
-0.252634 -1.40251
-0.228689 0.483384
-0.226452 -0.0477666
-0.214674 -1.36139
-0.149796 1.23446
-0.143366 -0.09336
-0.131066 -0.250045
-0.129717 1.25895
-0.072111 0.517179
-0.0454616 0.480472
-0.0227143 -1.41436
-0.0227121 -0.310496
-0.0114779 1.37006
0.0173802 -1.33503
0.0273084 1.39424
0.0495297 0.378673
0.0758273 -0.330476
0.106099 -1.25012
0.172038 1.4312
0.174186 0.306492
0.182826 -0.352679
0.229386 1.50036
0.233516 -1.26485
0.242829 0.258348
0.256075 -1.13389
0.284441 -0.388577
0.300873 -0.391975
0.303103 -1.04803
0.33006 0.195313
0.355981 1.54778
0.40837 0.155664
0.414658 -0.956594
0.428439 -0.776421
0.434028 -0.958264
0.439366 1.56074
0.447597 -0.0910701
0.449175 -0.000918518
0.465754 -0.104892
0.467673 -0.45209
0.488795 -0.412461
0.491382 -0.252424
0.500352 -0.486921
0.53204 -0.375803
0.536079 1.59295
0.548931 -0.73442
0.57096 -0.503305
0.580435 -0.627812
0.586645 1.54711
0.594964 -0.486831
0.689725 1.51451
0.690728 -0.456147
0.816741 -0.442133
0.818813 1.52086
0.901408 1.49127
0.94873 -0.390567
1.02643 1.45026
1.05945 -0.329968
1.0802 -0.302201
1.10939 1.43648
1.13906 -0.202067
1.20333 1.34357
1.26999 1.23774
1.30644 -0.117466
1.30709 -0.0476106
1.3076 1.21695
1.39446 -0.0359488
1.40265 0.110423
1.41724 1.10579
1.45413 1.04783
1.46372 0.962579
1.46703 0.212882
1.50482 0.593531
1.51951 0.796786
1.52329 0.783546
1.55977 0.231646
1.57099 0.676193
1.57644 0.464627
1.58154 0.381343